2 7646 6048 7576 5979
3 7575 5979 7543 6003 7531 6004
3 7528 6006 7514 6005 7510 6002
3 7510 6003 7509 6023 7491 6087
2 7510 6001 7468 5992
2 7467 5992 7454 6000
2 7453 6002 7443 6022
3 7443 6023 7469 6070 7489 6095
2 7442 6023 7426 6069
2 7413 6066 7427 6070
3 7428 6070 7462 6098 7473 6115
3 7473 6118 7487 6172 7496 6244
3 7496 6246 7499 6279 7495 6321
2 7495 6323 7477 6392
2 7476 6395 7436 6438
3 7476 6399 7488 6414 7504 6426
3 7505 6427 7511 6458 7530 6475
3 7531 6475 7558 6487 7593 6463
3 7594 6461 7608 6458 7654 6381
3 7655 6379 7664 6354 7669 6316
3 7669 6314 7666 6269 7673 6220
2 7673 6219 7683 6134
3 7683 6132 7683 6122 7649 6053
3 7646 6053 7615 6094 7578 6132
2 7578 6133 7569 6149
3 7575 5980 7563 6066 7546 6121
3 7530 6471 7527 6429 7544 6339
3 7594 6457 7581 6381 7568 6308
3 7653 6377 7602 6311 7596 6263
3 7667 6314 7633 6288 7596 6260
3 7672 6220 7648 6199 7592 6214
3 7681 6133 7647 6166 7589 6199
3 7543 6338 7529 6319 7529 6292
2 7529 6289 7522 6242
2 7521 6241 7498 6243
2 7648 6055 7680 6136
2 7681 6138 7671 6217
3 7670 6219 7664 6261 7664 6313
3 7664 6314 7661 6352 7653 6375
3 7651 6376 7619 6431 7594 6452
3 7592 6456 7556 6482 7531 6471
3 7529 6471 7512 6454 7506 6424
3 7504 6421 7489 6411 7479 6398
2 7479 6393 7497 6324
3 7497 6321 7500 6279 7498 6245
3 7498 6239 7487 6164 7476 6118
3 7474 6115 7446 6080 7427 6070
2 7425 6070 7412 6067
2 7427 6068 7445 6026
3 7447 6025 7469 5998 7508 6009
2 7512 6008 7529 6008
3 7531 6010 7547 6009 7575 5985
2 7577 5987 7645 6056
3 7475 6117 7486 6107 7491 6092
2 7493 6091 7524 6108
2 7525 6109 7545 6122
3 7546 6123 7559 6137 7568 6148
3 7570 6151 7585 6179 7588 6199
2 7589 6200 7591 6213
2 7591 6216 7596 6258
2 7595 6260 7567 6304
3 7565 6305 7544 6334 7535 6335
2 7534 6335 7497 6323