3 597 805 380 748 308 664
3 284 658 231 706 148 851
3 295 651 264 624 197 515
2 188 519 19 612
2 193 505 150 379
2 141 380 9 394
2 145 371 99 238
3 92 228 99 193 164 170
3 166 165 210 111 279 130
2 288 134 349 163
2 350 164 499 202
3 500 202 580 216 713 234
2 713 233 873 215
2 874 216 919 442
3 912 441 854 412 762 441
2 756 441 615 377
3 610 376 598 367 599 329
2 597 324 618 5
3 918 446 915 500 816 617
3 814 626 794 641 688 782
3 685 786 653 815 599 806
2 816 626 850 668
3 853 674 916 700 1022 707
3 842 674 773 750 731 808
3 725 816 692 858 663 829
2 662 827 598 807
3 871 215 924 205 1023 152